{
 "cells": [
  {
   "cell_type": "code",
   "execution_count": 113,
   "metadata": {},
   "outputs": [],
   "source": [
    "import pandas as pd\n",
    "import matplotlib.pyplot as plt\n",
    "import numpy as np\n",
    "import seaborn as sns\n",
    "from sklearn.model_selection import train_test_split\n",
    "from sklearn.linear_model import LinearRegression\n",
    "from sklearn import metrics\n",
    "from sklearn.metrics import mean_squared_error, mean_absolute_error, r2_score"
   ]
  },
  {
   "cell_type": "code",
   "execution_count": 114,
   "metadata": {},
   "outputs": [
    {
     "name": "stdout",
     "output_type": "stream",
     "text": [
      "    price  bedrooms  bathrooms  sqft_living  sqft_lot  floors  waterfront  \\\n",
      "0  221900         3       1.00         1180      5650     1.0           0   \n",
      "1  538000         3       2.25         2570      7242     2.0           0   \n",
      "2  180000         2       1.00          770     10000     1.0           0   \n",
      "3  604000         4       3.00         1960      5000     1.0           0   \n",
      "4  510000         3       2.00         1680      8080     1.0           0   \n",
      "\n",
      "   view  condition  grade  sqft_above  sqft_basement  yr_built  yr_renovated  \\\n",
      "0     0          3      7        1180              0      1955             0   \n",
      "1     0          3      7        2170            400      1951          1991   \n",
      "2     0          3      6         770              0      1933             0   \n",
      "3     0          5      7        1050            910      1965             0   \n",
      "4     0          3      8        1680              0      1987             0   \n",
      "\n",
      "   zipcode  sqft_living15  sqft_lot15  \n",
      "0    98178           1340        5650  \n",
      "1    98125           1690        7639  \n",
      "2    98028           2720        8062  \n",
      "3    98136           1360        5000  \n",
      "4    98074           1800        7503  \n"
     ]
    }
   ],
   "source": [
    "# Load the dataset into a Pandas DataFrame\n",
    "data = pd.read_csv('simulated_data.csv')\n",
    "# Display the first few rows of the dataset\n",
    "print(data.head())"
   ]
  },
  {
   "cell_type": "code",
   "execution_count": 115,
   "metadata": {},
   "outputs": [
    {
     "data": {
      "text/plain": [
       "21613"
      ]
     },
     "execution_count": 115,
     "metadata": {},
     "output_type": "execute_result"
    }
   ],
   "source": [
    "len(data)"
   ]
  },
  {
   "cell_type": "code",
   "execution_count": 116,
   "metadata": {},
   "outputs": [
    {
     "data": {
      "text/html": [
       "<div>\n",
       "<style scoped>\n",
       "    .dataframe tbody tr th:only-of-type {\n",
       "        vertical-align: middle;\n",
       "    }\n",
       "\n",
       "    .dataframe tbody tr th {\n",
       "        vertical-align: top;\n",
       "    }\n",
       "\n",
       "    .dataframe thead th {\n",
       "        text-align: right;\n",
       "    }\n",
       "</style>\n",
       "<table border=\"1\" class=\"dataframe\">\n",
       "  <thead>\n",
       "    <tr style=\"text-align: right;\">\n",
       "      <th></th>\n",
       "      <th>price</th>\n",
       "      <th>bedrooms</th>\n",
       "      <th>bathrooms</th>\n",
       "      <th>sqft_living</th>\n",
       "      <th>sqft_lot</th>\n",
       "      <th>floors</th>\n",
       "      <th>waterfront</th>\n",
       "      <th>view</th>\n",
       "      <th>condition</th>\n",
       "      <th>grade</th>\n",
       "      <th>sqft_above</th>\n",
       "      <th>sqft_basement</th>\n",
       "      <th>yr_built</th>\n",
       "      <th>yr_renovated</th>\n",
       "      <th>zipcode</th>\n",
       "      <th>sqft_living15</th>\n",
       "      <th>sqft_lot15</th>\n",
       "    </tr>\n",
       "  </thead>\n",
       "  <tbody>\n",
       "    <tr>\n",
       "      <th>price</th>\n",
       "      <td>1.000000</td>\n",
       "      <td>0.308350</td>\n",
       "      <td>0.525138</td>\n",
       "      <td>0.702035</td>\n",
       "      <td>0.089661</td>\n",
       "      <td>0.256794</td>\n",
       "      <td>0.266369</td>\n",
       "      <td>0.397293</td>\n",
       "      <td>0.036362</td>\n",
       "      <td>0.667434</td>\n",
       "      <td>0.605567</td>\n",
       "      <td>0.323816</td>\n",
       "      <td>0.054012</td>\n",
       "      <td>0.126434</td>\n",
       "      <td>-0.053203</td>\n",
       "      <td>0.585379</td>\n",
       "      <td>0.082447</td>\n",
       "    </tr>\n",
       "    <tr>\n",
       "      <th>bedrooms</th>\n",
       "      <td>0.308350</td>\n",
       "      <td>1.000000</td>\n",
       "      <td>0.515884</td>\n",
       "      <td>0.576671</td>\n",
       "      <td>0.031703</td>\n",
       "      <td>0.175429</td>\n",
       "      <td>-0.006582</td>\n",
       "      <td>0.079532</td>\n",
       "      <td>0.028472</td>\n",
       "      <td>0.356967</td>\n",
       "      <td>0.477600</td>\n",
       "      <td>0.303093</td>\n",
       "      <td>0.154178</td>\n",
       "      <td>0.018841</td>\n",
       "      <td>-0.152668</td>\n",
       "      <td>0.391638</td>\n",
       "      <td>0.029244</td>\n",
       "    </tr>\n",
       "    <tr>\n",
       "      <th>bathrooms</th>\n",
       "      <td>0.525138</td>\n",
       "      <td>0.515884</td>\n",
       "      <td>1.000000</td>\n",
       "      <td>0.754665</td>\n",
       "      <td>0.087740</td>\n",
       "      <td>0.500653</td>\n",
       "      <td>0.063744</td>\n",
       "      <td>0.187737</td>\n",
       "      <td>-0.124982</td>\n",
       "      <td>0.664983</td>\n",
       "      <td>0.685342</td>\n",
       "      <td>0.283770</td>\n",
       "      <td>0.506019</td>\n",
       "      <td>0.050739</td>\n",
       "      <td>-0.203866</td>\n",
       "      <td>0.568634</td>\n",
       "      <td>0.087175</td>\n",
       "    </tr>\n",
       "    <tr>\n",
       "      <th>sqft_living</th>\n",
       "      <td>0.702035</td>\n",
       "      <td>0.576671</td>\n",
       "      <td>0.754665</td>\n",
       "      <td>1.000000</td>\n",
       "      <td>0.172826</td>\n",
       "      <td>0.353949</td>\n",
       "      <td>0.103818</td>\n",
       "      <td>0.284611</td>\n",
       "      <td>-0.058753</td>\n",
       "      <td>0.762704</td>\n",
       "      <td>0.876597</td>\n",
       "      <td>0.435043</td>\n",
       "      <td>0.318049</td>\n",
       "      <td>0.055363</td>\n",
       "      <td>-0.199430</td>\n",
       "      <td>0.756420</td>\n",
       "      <td>0.183286</td>\n",
       "    </tr>\n",
       "    <tr>\n",
       "      <th>sqft_lot</th>\n",
       "      <td>0.089661</td>\n",
       "      <td>0.031703</td>\n",
       "      <td>0.087740</td>\n",
       "      <td>0.172826</td>\n",
       "      <td>1.000000</td>\n",
       "      <td>-0.005201</td>\n",
       "      <td>0.021604</td>\n",
       "      <td>0.074710</td>\n",
       "      <td>-0.008958</td>\n",
       "      <td>0.113621</td>\n",
       "      <td>0.183512</td>\n",
       "      <td>0.015286</td>\n",
       "      <td>0.053080</td>\n",
       "      <td>0.007644</td>\n",
       "      <td>-0.129574</td>\n",
       "      <td>0.144608</td>\n",
       "      <td>0.718557</td>\n",
       "    </tr>\n",
       "    <tr>\n",
       "      <th>floors</th>\n",
       "      <td>0.256794</td>\n",
       "      <td>0.175429</td>\n",
       "      <td>0.500653</td>\n",
       "      <td>0.353949</td>\n",
       "      <td>-0.005201</td>\n",
       "      <td>1.000000</td>\n",
       "      <td>0.023698</td>\n",
       "      <td>0.029444</td>\n",
       "      <td>-0.263768</td>\n",
       "      <td>0.458183</td>\n",
       "      <td>0.523885</td>\n",
       "      <td>-0.245705</td>\n",
       "      <td>0.489319</td>\n",
       "      <td>0.006338</td>\n",
       "      <td>-0.059121</td>\n",
       "      <td>0.279885</td>\n",
       "      <td>-0.011269</td>\n",
       "    </tr>\n",
       "    <tr>\n",
       "      <th>waterfront</th>\n",
       "      <td>0.266369</td>\n",
       "      <td>-0.006582</td>\n",
       "      <td>0.063744</td>\n",
       "      <td>0.103818</td>\n",
       "      <td>0.021604</td>\n",
       "      <td>0.023698</td>\n",
       "      <td>1.000000</td>\n",
       "      <td>0.401857</td>\n",
       "      <td>0.016653</td>\n",
       "      <td>0.082775</td>\n",
       "      <td>0.072075</td>\n",
       "      <td>0.080588</td>\n",
       "      <td>-0.026161</td>\n",
       "      <td>0.092885</td>\n",
       "      <td>0.030285</td>\n",
       "      <td>0.086463</td>\n",
       "      <td>0.030703</td>\n",
       "    </tr>\n",
       "    <tr>\n",
       "      <th>view</th>\n",
       "      <td>0.397293</td>\n",
       "      <td>0.079532</td>\n",
       "      <td>0.187737</td>\n",
       "      <td>0.284611</td>\n",
       "      <td>0.074710</td>\n",
       "      <td>0.029444</td>\n",
       "      <td>0.401857</td>\n",
       "      <td>1.000000</td>\n",
       "      <td>0.045990</td>\n",
       "      <td>0.251321</td>\n",
       "      <td>0.167649</td>\n",
       "      <td>0.276947</td>\n",
       "      <td>-0.053440</td>\n",
       "      <td>0.103917</td>\n",
       "      <td>0.084827</td>\n",
       "      <td>0.280439</td>\n",
       "      <td>0.072575</td>\n",
       "    </tr>\n",
       "    <tr>\n",
       "      <th>condition</th>\n",
       "      <td>0.036362</td>\n",
       "      <td>0.028472</td>\n",
       "      <td>-0.124982</td>\n",
       "      <td>-0.058753</td>\n",
       "      <td>-0.008958</td>\n",
       "      <td>-0.263768</td>\n",
       "      <td>0.016653</td>\n",
       "      <td>0.045990</td>\n",
       "      <td>1.000000</td>\n",
       "      <td>-0.144674</td>\n",
       "      <td>-0.158214</td>\n",
       "      <td>0.174105</td>\n",
       "      <td>-0.361417</td>\n",
       "      <td>-0.060618</td>\n",
       "      <td>0.003026</td>\n",
       "      <td>-0.092824</td>\n",
       "      <td>-0.003406</td>\n",
       "    </tr>\n",
       "    <tr>\n",
       "      <th>grade</th>\n",
       "      <td>0.667434</td>\n",
       "      <td>0.356967</td>\n",
       "      <td>0.664983</td>\n",
       "      <td>0.762704</td>\n",
       "      <td>0.113621</td>\n",
       "      <td>0.458183</td>\n",
       "      <td>0.082775</td>\n",
       "      <td>0.251321</td>\n",
       "      <td>-0.144674</td>\n",
       "      <td>1.000000</td>\n",
       "      <td>0.755923</td>\n",
       "      <td>0.168392</td>\n",
       "      <td>0.446963</td>\n",
       "      <td>0.014414</td>\n",
       "      <td>-0.184862</td>\n",
       "      <td>0.713202</td>\n",
       "      <td>0.119248</td>\n",
       "    </tr>\n",
       "    <tr>\n",
       "      <th>sqft_above</th>\n",
       "      <td>0.605567</td>\n",
       "      <td>0.477600</td>\n",
       "      <td>0.685342</td>\n",
       "      <td>0.876597</td>\n",
       "      <td>0.183512</td>\n",
       "      <td>0.523885</td>\n",
       "      <td>0.072075</td>\n",
       "      <td>0.167649</td>\n",
       "      <td>-0.158214</td>\n",
       "      <td>0.755923</td>\n",
       "      <td>1.000000</td>\n",
       "      <td>-0.051943</td>\n",
       "      <td>0.423898</td>\n",
       "      <td>0.023285</td>\n",
       "      <td>-0.261190</td>\n",
       "      <td>0.731870</td>\n",
       "      <td>0.194050</td>\n",
       "    </tr>\n",
       "    <tr>\n",
       "      <th>sqft_basement</th>\n",
       "      <td>0.323816</td>\n",
       "      <td>0.303093</td>\n",
       "      <td>0.283770</td>\n",
       "      <td>0.435043</td>\n",
       "      <td>0.015286</td>\n",
       "      <td>-0.245705</td>\n",
       "      <td>0.080588</td>\n",
       "      <td>0.276947</td>\n",
       "      <td>0.174105</td>\n",
       "      <td>0.168392</td>\n",
       "      <td>-0.051943</td>\n",
       "      <td>1.000000</td>\n",
       "      <td>-0.133124</td>\n",
       "      <td>0.071323</td>\n",
       "      <td>0.074845</td>\n",
       "      <td>0.200355</td>\n",
       "      <td>0.017276</td>\n",
       "    </tr>\n",
       "    <tr>\n",
       "      <th>yr_built</th>\n",
       "      <td>0.054012</td>\n",
       "      <td>0.154178</td>\n",
       "      <td>0.506019</td>\n",
       "      <td>0.318049</td>\n",
       "      <td>0.053080</td>\n",
       "      <td>0.489319</td>\n",
       "      <td>-0.026161</td>\n",
       "      <td>-0.053440</td>\n",
       "      <td>-0.361417</td>\n",
       "      <td>0.446963</td>\n",
       "      <td>0.423898</td>\n",
       "      <td>-0.133124</td>\n",
       "      <td>1.000000</td>\n",
       "      <td>-0.224874</td>\n",
       "      <td>-0.346869</td>\n",
       "      <td>0.326229</td>\n",
       "      <td>0.070958</td>\n",
       "    </tr>\n",
       "    <tr>\n",
       "      <th>yr_renovated</th>\n",
       "      <td>0.126434</td>\n",
       "      <td>0.018841</td>\n",
       "      <td>0.050739</td>\n",
       "      <td>0.055363</td>\n",
       "      <td>0.007644</td>\n",
       "      <td>0.006338</td>\n",
       "      <td>0.092885</td>\n",
       "      <td>0.103917</td>\n",
       "      <td>-0.060618</td>\n",
       "      <td>0.014414</td>\n",
       "      <td>0.023285</td>\n",
       "      <td>0.071323</td>\n",
       "      <td>-0.224874</td>\n",
       "      <td>1.000000</td>\n",
       "      <td>0.064357</td>\n",
       "      <td>-0.002673</td>\n",
       "      <td>0.007854</td>\n",
       "    </tr>\n",
       "    <tr>\n",
       "      <th>zipcode</th>\n",
       "      <td>-0.053203</td>\n",
       "      <td>-0.152668</td>\n",
       "      <td>-0.203866</td>\n",
       "      <td>-0.199430</td>\n",
       "      <td>-0.129574</td>\n",
       "      <td>-0.059121</td>\n",
       "      <td>0.030285</td>\n",
       "      <td>0.084827</td>\n",
       "      <td>0.003026</td>\n",
       "      <td>-0.184862</td>\n",
       "      <td>-0.261190</td>\n",
       "      <td>0.074845</td>\n",
       "      <td>-0.346869</td>\n",
       "      <td>0.064357</td>\n",
       "      <td>1.000000</td>\n",
       "      <td>-0.279033</td>\n",
       "      <td>-0.147221</td>\n",
       "    </tr>\n",
       "    <tr>\n",
       "      <th>sqft_living15</th>\n",
       "      <td>0.585379</td>\n",
       "      <td>0.391638</td>\n",
       "      <td>0.568634</td>\n",
       "      <td>0.756420</td>\n",
       "      <td>0.144608</td>\n",
       "      <td>0.279885</td>\n",
       "      <td>0.086463</td>\n",
       "      <td>0.280439</td>\n",
       "      <td>-0.092824</td>\n",
       "      <td>0.713202</td>\n",
       "      <td>0.731870</td>\n",
       "      <td>0.200355</td>\n",
       "      <td>0.326229</td>\n",
       "      <td>-0.002673</td>\n",
       "      <td>-0.279033</td>\n",
       "      <td>1.000000</td>\n",
       "      <td>0.183192</td>\n",
       "    </tr>\n",
       "    <tr>\n",
       "      <th>sqft_lot15</th>\n",
       "      <td>0.082447</td>\n",
       "      <td>0.029244</td>\n",
       "      <td>0.087175</td>\n",
       "      <td>0.183286</td>\n",
       "      <td>0.718557</td>\n",
       "      <td>-0.011269</td>\n",
       "      <td>0.030703</td>\n",
       "      <td>0.072575</td>\n",
       "      <td>-0.003406</td>\n",
       "      <td>0.119248</td>\n",
       "      <td>0.194050</td>\n",
       "      <td>0.017276</td>\n",
       "      <td>0.070958</td>\n",
       "      <td>0.007854</td>\n",
       "      <td>-0.147221</td>\n",
       "      <td>0.183192</td>\n",
       "      <td>1.000000</td>\n",
       "    </tr>\n",
       "  </tbody>\n",
       "</table>\n",
       "</div>"
      ],
      "text/plain": [
       "                  price  bedrooms  bathrooms  sqft_living  sqft_lot    floors  \\\n",
       "price          1.000000  0.308350   0.525138     0.702035  0.089661  0.256794   \n",
       "bedrooms       0.308350  1.000000   0.515884     0.576671  0.031703  0.175429   \n",
       "bathrooms      0.525138  0.515884   1.000000     0.754665  0.087740  0.500653   \n",
       "sqft_living    0.702035  0.576671   0.754665     1.000000  0.172826  0.353949   \n",
       "sqft_lot       0.089661  0.031703   0.087740     0.172826  1.000000 -0.005201   \n",
       "floors         0.256794  0.175429   0.500653     0.353949 -0.005201  1.000000   \n",
       "waterfront     0.266369 -0.006582   0.063744     0.103818  0.021604  0.023698   \n",
       "view           0.397293  0.079532   0.187737     0.284611  0.074710  0.029444   \n",
       "condition      0.036362  0.028472  -0.124982    -0.058753 -0.008958 -0.263768   \n",
       "grade          0.667434  0.356967   0.664983     0.762704  0.113621  0.458183   \n",
       "sqft_above     0.605567  0.477600   0.685342     0.876597  0.183512  0.523885   \n",
       "sqft_basement  0.323816  0.303093   0.283770     0.435043  0.015286 -0.245705   \n",
       "yr_built       0.054012  0.154178   0.506019     0.318049  0.053080  0.489319   \n",
       "yr_renovated   0.126434  0.018841   0.050739     0.055363  0.007644  0.006338   \n",
       "zipcode       -0.053203 -0.152668  -0.203866    -0.199430 -0.129574 -0.059121   \n",
       "sqft_living15  0.585379  0.391638   0.568634     0.756420  0.144608  0.279885   \n",
       "sqft_lot15     0.082447  0.029244   0.087175     0.183286  0.718557 -0.011269   \n",
       "\n",
       "               waterfront      view  condition     grade  sqft_above  \\\n",
       "price            0.266369  0.397293   0.036362  0.667434    0.605567   \n",
       "bedrooms        -0.006582  0.079532   0.028472  0.356967    0.477600   \n",
       "bathrooms        0.063744  0.187737  -0.124982  0.664983    0.685342   \n",
       "sqft_living      0.103818  0.284611  -0.058753  0.762704    0.876597   \n",
       "sqft_lot         0.021604  0.074710  -0.008958  0.113621    0.183512   \n",
       "floors           0.023698  0.029444  -0.263768  0.458183    0.523885   \n",
       "waterfront       1.000000  0.401857   0.016653  0.082775    0.072075   \n",
       "view             0.401857  1.000000   0.045990  0.251321    0.167649   \n",
       "condition        0.016653  0.045990   1.000000 -0.144674   -0.158214   \n",
       "grade            0.082775  0.251321  -0.144674  1.000000    0.755923   \n",
       "sqft_above       0.072075  0.167649  -0.158214  0.755923    1.000000   \n",
       "sqft_basement    0.080588  0.276947   0.174105  0.168392   -0.051943   \n",
       "yr_built        -0.026161 -0.053440  -0.361417  0.446963    0.423898   \n",
       "yr_renovated     0.092885  0.103917  -0.060618  0.014414    0.023285   \n",
       "zipcode          0.030285  0.084827   0.003026 -0.184862   -0.261190   \n",
       "sqft_living15    0.086463  0.280439  -0.092824  0.713202    0.731870   \n",
       "sqft_lot15       0.030703  0.072575  -0.003406  0.119248    0.194050   \n",
       "\n",
       "               sqft_basement  yr_built  yr_renovated   zipcode  sqft_living15  \\\n",
       "price               0.323816  0.054012      0.126434 -0.053203       0.585379   \n",
       "bedrooms            0.303093  0.154178      0.018841 -0.152668       0.391638   \n",
       "bathrooms           0.283770  0.506019      0.050739 -0.203866       0.568634   \n",
       "sqft_living         0.435043  0.318049      0.055363 -0.199430       0.756420   \n",
       "sqft_lot            0.015286  0.053080      0.007644 -0.129574       0.144608   \n",
       "floors             -0.245705  0.489319      0.006338 -0.059121       0.279885   \n",
       "waterfront          0.080588 -0.026161      0.092885  0.030285       0.086463   \n",
       "view                0.276947 -0.053440      0.103917  0.084827       0.280439   \n",
       "condition           0.174105 -0.361417     -0.060618  0.003026      -0.092824   \n",
       "grade               0.168392  0.446963      0.014414 -0.184862       0.713202   \n",
       "sqft_above         -0.051943  0.423898      0.023285 -0.261190       0.731870   \n",
       "sqft_basement       1.000000 -0.133124      0.071323  0.074845       0.200355   \n",
       "yr_built           -0.133124  1.000000     -0.224874 -0.346869       0.326229   \n",
       "yr_renovated        0.071323 -0.224874      1.000000  0.064357      -0.002673   \n",
       "zipcode             0.074845 -0.346869      0.064357  1.000000      -0.279033   \n",
       "sqft_living15       0.200355  0.326229     -0.002673 -0.279033       1.000000   \n",
       "sqft_lot15          0.017276  0.070958      0.007854 -0.147221       0.183192   \n",
       "\n",
       "               sqft_lot15  \n",
       "price            0.082447  \n",
       "bedrooms         0.029244  \n",
       "bathrooms        0.087175  \n",
       "sqft_living      0.183286  \n",
       "sqft_lot         0.718557  \n",
       "floors          -0.011269  \n",
       "waterfront       0.030703  \n",
       "view             0.072575  \n",
       "condition       -0.003406  \n",
       "grade            0.119248  \n",
       "sqft_above       0.194050  \n",
       "sqft_basement    0.017276  \n",
       "yr_built         0.070958  \n",
       "yr_renovated     0.007854  \n",
       "zipcode         -0.147221  \n",
       "sqft_living15    0.183192  \n",
       "sqft_lot15       1.000000  "
      ]
     },
     "execution_count": 116,
     "metadata": {},
     "output_type": "execute_result"
    }
   ],
   "source": [
    "#correlation btw independent variables & dependent variable\n",
    "data.corr()"
   ]
  },
  {
   "cell_type": "code",
   "execution_count": 117,
   "metadata": {},
   "outputs": [
    {
     "data": {
      "text/plain": [
       "price            1.000000\n",
       "sqft_living      0.702035\n",
       "grade            0.667434\n",
       "sqft_above       0.605567\n",
       "sqft_living15    0.585379\n",
       "bathrooms        0.525138\n",
       "view             0.397293\n",
       "sqft_basement    0.323816\n",
       "bedrooms         0.308350\n",
       "waterfront       0.266369\n",
       "floors           0.256794\n",
       "yr_renovated     0.126434\n",
       "sqft_lot         0.089661\n",
       "sqft_lot15       0.082447\n",
       "yr_built         0.054012\n",
       "condition        0.036362\n",
       "zipcode         -0.053203\n",
       "Name: price, dtype: float64"
      ]
     },
     "execution_count": 117,
     "metadata": {},
     "output_type": "execute_result"
    }
   ],
   "source": [
    "#Show how much feature variables are related to the target variable.\n",
    "\n",
    "corr_matrix = data.corr()\n",
    "corr_matrix[\"price\"].sort_values(ascending=False)"
   ]
  },
  {
   "cell_type": "code",
   "execution_count": 118,
   "metadata": {},
   "outputs": [
    {
     "data": {
      "text/html": [
       "<div>\n",
       "<style scoped>\n",
       "    .dataframe tbody tr th:only-of-type {\n",
       "        vertical-align: middle;\n",
       "    }\n",
       "\n",
       "    .dataframe tbody tr th {\n",
       "        vertical-align: top;\n",
       "    }\n",
       "\n",
       "    .dataframe thead th {\n",
       "        text-align: right;\n",
       "    }\n",
       "</style>\n",
       "<table border=\"1\" class=\"dataframe\">\n",
       "  <thead>\n",
       "    <tr style=\"text-align: right;\">\n",
       "      <th></th>\n",
       "      <th>price</th>\n",
       "      <th>bedrooms</th>\n",
       "      <th>bathrooms</th>\n",
       "      <th>sqft_living</th>\n",
       "      <th>sqft_lot</th>\n",
       "      <th>floors</th>\n",
       "      <th>waterfront</th>\n",
       "      <th>view</th>\n",
       "      <th>condition</th>\n",
       "      <th>grade</th>\n",
       "      <th>sqft_above</th>\n",
       "      <th>sqft_basement</th>\n",
       "      <th>yr_built</th>\n",
       "      <th>yr_renovated</th>\n",
       "      <th>sqft_living15</th>\n",
       "      <th>sqft_lot15</th>\n",
       "    </tr>\n",
       "  </thead>\n",
       "  <tbody>\n",
       "    <tr>\n",
       "      <th>0</th>\n",
       "      <td>221900</td>\n",
       "      <td>3</td>\n",
       "      <td>1.00</td>\n",
       "      <td>1180</td>\n",
       "      <td>5650</td>\n",
       "      <td>1.0</td>\n",
       "      <td>0</td>\n",
       "      <td>0</td>\n",
       "      <td>3</td>\n",
       "      <td>7</td>\n",
       "      <td>1180</td>\n",
       "      <td>0</td>\n",
       "      <td>1955</td>\n",
       "      <td>0</td>\n",
       "      <td>1340</td>\n",
       "      <td>5650</td>\n",
       "    </tr>\n",
       "    <tr>\n",
       "      <th>1</th>\n",
       "      <td>538000</td>\n",
       "      <td>3</td>\n",
       "      <td>2.25</td>\n",
       "      <td>2570</td>\n",
       "      <td>7242</td>\n",
       "      <td>2.0</td>\n",
       "      <td>0</td>\n",
       "      <td>0</td>\n",
       "      <td>3</td>\n",
       "      <td>7</td>\n",
       "      <td>2170</td>\n",
       "      <td>400</td>\n",
       "      <td>1951</td>\n",
       "      <td>1991</td>\n",
       "      <td>1690</td>\n",
       "      <td>7639</td>\n",
       "    </tr>\n",
       "    <tr>\n",
       "      <th>2</th>\n",
       "      <td>180000</td>\n",
       "      <td>2</td>\n",
       "      <td>1.00</td>\n",
       "      <td>770</td>\n",
       "      <td>10000</td>\n",
       "      <td>1.0</td>\n",
       "      <td>0</td>\n",
       "      <td>0</td>\n",
       "      <td>3</td>\n",
       "      <td>6</td>\n",
       "      <td>770</td>\n",
       "      <td>0</td>\n",
       "      <td>1933</td>\n",
       "      <td>0</td>\n",
       "      <td>2720</td>\n",
       "      <td>8062</td>\n",
       "    </tr>\n",
       "    <tr>\n",
       "      <th>3</th>\n",
       "      <td>604000</td>\n",
       "      <td>4</td>\n",
       "      <td>3.00</td>\n",
       "      <td>1960</td>\n",
       "      <td>5000</td>\n",
       "      <td>1.0</td>\n",
       "      <td>0</td>\n",
       "      <td>0</td>\n",
       "      <td>5</td>\n",
       "      <td>7</td>\n",
       "      <td>1050</td>\n",
       "      <td>910</td>\n",
       "      <td>1965</td>\n",
       "      <td>0</td>\n",
       "      <td>1360</td>\n",
       "      <td>5000</td>\n",
       "    </tr>\n",
       "    <tr>\n",
       "      <th>4</th>\n",
       "      <td>510000</td>\n",
       "      <td>3</td>\n",
       "      <td>2.00</td>\n",
       "      <td>1680</td>\n",
       "      <td>8080</td>\n",
       "      <td>1.0</td>\n",
       "      <td>0</td>\n",
       "      <td>0</td>\n",
       "      <td>3</td>\n",
       "      <td>8</td>\n",
       "      <td>1680</td>\n",
       "      <td>0</td>\n",
       "      <td>1987</td>\n",
       "      <td>0</td>\n",
       "      <td>1800</td>\n",
       "      <td>7503</td>\n",
       "    </tr>\n",
       "  </tbody>\n",
       "</table>\n",
       "</div>"
      ],
      "text/plain": [
       "    price  bedrooms  bathrooms  sqft_living  sqft_lot  floors  waterfront  \\\n",
       "0  221900         3       1.00         1180      5650     1.0           0   \n",
       "1  538000         3       2.25         2570      7242     2.0           0   \n",
       "2  180000         2       1.00          770     10000     1.0           0   \n",
       "3  604000         4       3.00         1960      5000     1.0           0   \n",
       "4  510000         3       2.00         1680      8080     1.0           0   \n",
       "\n",
       "   view  condition  grade  sqft_above  sqft_basement  yr_built  yr_renovated  \\\n",
       "0     0          3      7        1180              0      1955             0   \n",
       "1     0          3      7        2170            400      1951          1991   \n",
       "2     0          3      6         770              0      1933             0   \n",
       "3     0          5      7        1050            910      1965             0   \n",
       "4     0          3      8        1680              0      1987             0   \n",
       "\n",
       "   sqft_living15  sqft_lot15  \n",
       "0           1340        5650  \n",
       "1           1690        7639  \n",
       "2           2720        8062  \n",
       "3           1360        5000  \n",
       "4           1800        7503  "
      ]
     },
     "execution_count": 118,
     "metadata": {},
     "output_type": "execute_result"
    }
   ],
   "source": [
    "data = data.drop(['zipcode'], axis=1)\n",
    "data.head()"
   ]
  },
  {
   "cell_type": "code",
   "execution_count": 119,
   "metadata": {},
   "outputs": [
    {
     "data": {
